144788461200241, 195443318499267, 285412990927879 @ 227, 158, 5
266680201159206, 319693757705834, 207679493757440 @ 37, -56, 138
343135145904814, 302103279002870, 240702357103107 @ -88, 41, 9
344900100024424, 366032694378845, 216398516914389 @ -22, -140, 7
333882464390486, 338355498622498, 248150007635020 @ -17, -40, -75
349776458250622, 198302698524560, 327242971327938 @ -150, 156, -75
343972056145618, 93952614146606, 180814712184624 @ -43, 966, 178
321015653658127, 335625830964992, 299355429411262 @ -121, -113, 24
355024210765858, 324444552700424, 213093234544098 @ -24, 120, -35
310911113371150, 223898284180766, 236547095690010 @ -98, 69, 111
367349277513604, 302367763155485, 177404262309759 @ -98, 256, 181
383830748642700, 363348365303634, 182181258889250 @ -158, -19, 36
306331009542730, 359733395104274, 278855290578540 @ 28, -130, -113
307828676715158, 296564754470868, 254114411287538 @ 58, 96, -73
211660390482826, 240269358874022, 164468054309328 @ -33, -27, 222
304001905676590, 266531519813273, 307211065380693 @ -64, 30, -39
195433386052636, 524400275793956, 489439134829425 @ 14, -353, -173
225882949378538, 216918378830950, 331012744224224 @ -24, 21, 21
144617977202474, 274151077514553, 358800106881223 @ 36, -64, 17
125822435716414, 156224861750986, 180095934825600 @ 167, 152, 202
301862975211340, 253437024072931, 303463879531108 @ 74, 240, -238
64787696807257, 254053143655597, 422892285717647 @ 95, -52, -31
245685197907047, 409150715961296, 496851535115482 @ -15, -221, -256
363115309555182, 346063043010892, 201072417149762 @ 72, 143, -136
150268314953507, 296665105606970, 351834097487895 @ 45, -83, 13
274225687880869, 234666450116702, 295428873791748 @ 11, 113, -38
365304472821032, 387619655032259, 192534697607561 @ -90, -260, 93
209140634571970, 261163950916670, 340090031093400 @ -9, -36, 15
178860403521142, 273332481007106, 423098872711620 @ 15, -56, -69
179883312415546, 223751465361318, 181727284115632 @ 206, 137, 194
117635011414309, 279566926399847, 222068887099455 @ 87, -62, 157
355801490517566, 382650124340266, 219412208986612 @ 63, -264, -211
244532650205452, 190390519144417, 355062675880487 @ -46, 54, -9
319826508946102, 325180189449692, 249728057974262 @ 32, 7, -76
332096429997019, 417328264940942, 429302626367223 @ 23, -367, -917
111528462489706, 169364333021222, 396380228320080 @ 107, 73, -52
245502959435306, 275946453056674, 249575691938752 @ 36, 6, 74
202329893418652, 176804382161592, 277907674366012 @ 77, 146, 44
326249690934490, 342204850343030, 374289583952928 @ -123, -120, -107
325813593140458, 190968317854394, 351880922640039 @ -156, 21, 27
217754213843554, 212457591619559, 296470510409994 @ 28, 66, 32
154074361413371, 377938554366776, 421594231915567 @ 9, -173, -31
319003378834564, 310657004839391, 195708774755766 @ 74, 96, 112
210501095300526, 192080255262234, 245745637229836 @ 27, 84, 111
183849134176460, 406987523245726, 125328509468514 @ 81, -219, 283
465122678780668, 488837342093930, 425243657565960 @ -317, -313, -102
340590538875922, 361708603282022, 162880181822064 @ -35, -127, 250
334306606777567, 315717352766825, 258928205870996 @ -115, -56, 42
362086092018295, 370950395899112, 218988793284843 @ 69, -157, -323
337851550962496, 345881136614096, 200503124623470 @ 11, -46, 81
232783654225241, 277588413744059, 307490137544932 @ 31, -14, -6
236104010681708, 397942094792568, 295176152693012 @ 87, -220, -36
339962162326374, 340536330272385, 215907267273274 @ 24, -6, -12
332347294010890, 353153179055954, 556573744189128 @ -52, -110, -960
300820087892277, 257357170722637, 373791230892047 @ 115, 276, -567
140307363490480, 155275372254774, 260679039638084 @ 209, 209, 60
234848977795288, 99266575013876, 342855951382902 @ -37, 160, 9
322962636210250, 512218019839370, 130673102398008 @ -36, -568, 332
337481360391037, 320349177851936, 207178683785961 @ 65, 127, 13
264796463347416, 135366162596302, 425868418708416 @ -23, 213, -194
293542555667281, 295481685476630, 340578566452926 @ -43, -23, -104
295761020347082, 305752823856242, 216474621348502 @ 196, 133, 12
171728110265474, 222292054029824, 405949749503132 @ -8, -20, -16
279876325354246, 181407034939050, 237683507759974 @ 86, 375, 27
84731670782914, 204379940984494, 421594127210832 @ 71, -6, -26
182507659648606, 85604100344777, 293504198236041 @ -16, 118, 93
192910623566782, 268213858081592, 356892826197672 @ 24, -37, -18
156743332189822, 170120134938262, 379477747593932 @ 59, 77, -37
111779459171084, 56599711095954, 216892052927898 @ 93, 191, 163
295126794594507, 551153339405457, 361678969527777 @ -131, -340, 31
177221876968017, 370571001245560, 47144136793903 @ 115, -165, 413
300702191926762, 364602366575222, 155281625995497 @ -28, -151, 251
277578141897706, 362180750162966, 293289211519464 @ 76, -141, -113
364829604697369, 365564338879466, 181667461236411 @ 169, -59, 47
334331777264407, 329385462811466, 357500789608423 @ -55, -35, -363
136133645178410, 274663216031474, 488990394620548 @ 36, -68, -109
207548440499322, 128641589968152, 276207315569622 @ -44, 71, 112
323023773161690, 290073270639670, 239822671910976 @ -72, 21, 58
179361127256870, 77442275227270, 276371514242636 @ 57, 225, 75
368603080867630, 345048255867156, 398376583654830 @ -166, -90, -437
374586396287372, 289273020558742, 449362524525072 @ -189, 33, -458
230392111913482, 331597014738065, 411395229532980 @ -60, -126, -30
348053109636014, 358795012618752, 210603744966446 @ 112, -57, -112
317009911105526, 307572857414090, 275249038063917 @ -128, -83, 79
195079003768601, 80854049027863, 283742832330033 @ -29, 122, 103
348817422931183, 327228594778415, 214859093815551 @ -41, 40, 15
117995594040651, 347063144691005, 275538016503594 @ 139, -134, 76
240358719931705, 238982264991164, 326472012534819 @ -23, 11, 7
221233524934696, 225992258668028, 331604238743592 @ 9, 34, -6
361104123148864, 467467909082974, 287277047067658 @ -109, -571, -273
327696318054606, 144654447055296, 363223547999740 @ -122, 206, -100
242536781165111, 211733538745073, 265812460074992 @ 27, 106, 54
228759901704082, 355963473087050, 375550661876226 @ -40, -149, -17
447495975546922, 407727055205222, 373200193264272 @ -292, -210, -27
267267417534633, 286830561151046, 104107505468102 @ 187, 121, 444
105154251286258, 49717863878132, 460348754620620 @ 56, 148, -68
368997453491202, 290079849778667, 290500610788187 @ -164, 82, -147
392366389356347, 278482791457372, 402624077332567 @ -231, 39, -295
292206967612666, 259118342797502, 291789293448356 @ 8, 103, -73
299734367518414, 190814150329832, 484468636001304 @ -128, 23, -114
268833387835154, 295895754329922, 281716561106768 @ 22, -12, -10
325998389249176, 263860083821814, 276903747692938 @ -79, 81, -27
258746128196674, 105244646269457, 492729099069093 @ -68, 148, -165
59510113492194, 179321784724718, 295047415435952 @ 153, 52, 74
178039469556712, 537681654185822, 346943375916822 @ -13, -331, 41
269657874117535, 137020618939357, 242105429091353 @ -37, 198, 105
367938928749220, 359153488422686, 192422588091318 @ 93, 37, -115
267652967974582, 217208649687842, 332945861246772 @ -69, 28, 11
311065818508059, 191441845659604, 528483805295980 @ -77, 171, -454
355586063332351, 341018168932733, 203781555431163 @ -27, 20, 21
49557119652150, 346204134449183, 251697061633140 @ 136, -140, 130
304252350495191, 324038550575174, 331773802672005 @ -53, -71, -107
158550206679862, 176930763085127, 318399159871377 @ 16, 34, 63
352936907615080, 370848521464574, 203987792548014 @ 62, -159, -48
334625862122223, 239868750933791, 174111753250624 @ 177, 826, 198
221106549132837, 275349348602510, 124112829414359 @ 235, 97, 345
152543887305626, 54757115206758, 417935947825808 @ 97, 261, -118
211609111961522, 278713532709558, 370561483829384 @ -35, -69, 5
174286575051725, 257762130635129, 338217721321948 @ 21, -38, 26
174113137099828, 158556766123568, 361557934688000 @ 14, 67, 6
338402125869578, 368528962577050, 240981331312066 @ -12, -153, -79
430144448589721, 427786345733436, 487688132312314 @ -301, -273, -384
353248328982688, 373293806362734, 227774022286208 @ -34, -175, -90
337328661991154, 489082254479366, 234003912443240 @ 31, -755, -97
197533389997774, 218614481630558, 85387919988408 @ 122, 109, 370
171780007134600, 358903168393128, 80167649984202 @ 97, -148, 349
342695440158873, 379950528854220, 213326656272503 @ -33, -201, 41
109673637383778, 72833044245322, 407125537055344 @ 54, 128, -18
264437004123870, 257138136892492, 312363122545506 @ -86, -42, 61
181276466949628, 470430163220831, 173468332932378 @ 58, -300, 212
270574129594812, 176601245978872, 278991425088742 @ 66, 311, -48
249721815354106, 198867945781206, 418185611594076 @ -64, 29, -65
303888653522550, 263010511765448, 422123591866235 @ 24, 151, -517
151491442248462, 180069444893774, 347762115892566 @ 90, 85, -17
145892960034378, 142318872638294, 281669539347200 @ 42, 82, 95
204962165823673, 110974052958030, 448699794312470 @ -13, 129, -100
256232592703970, 406705866345442, 262674020228332 @ -32, -217, 84
375016900199090, 350321063370982, 147255239518688 @ -128, -7, 398
335861059981332, 358847116410932, 273847688455142 @ -89, -134, -45
361728863613277, 337884536919752, 95420634637302 @ -25, 91, 796
206033322471702, 239637753805192, 179086563660587 @ 112, 75, 201
160933571531380, 232623587841338, 370985745613998 @ 11, -25, 11
364327913606797, 357025496234882, 311733531976767 @ -139, -115, -277
277520243203036, 224997789256517, 273210440287053 @ 98, 258, -79
342511772913209, 373384888065785, 229849172192330 @ 39, -176, -120
143089598178082, 189963522970346, 185557362310452 @ 140, 101, 194
367720388684807, 338119966854122, 266361580624248 @ -185, -107, 46
187436082079731, 312425292316566, 225021627264812 @ 157, -55, 114
264149227507802, 139858004437542, 331463341953712 @ -84, 89, 38
203626672614802, 205527063428831, 354822169212381 @ -20, 14, 15
135701380306018, 191163814952402, 109688360967912 @ 184, 123, 314
371002914237050, 333240201570432, 226635208290698 @ -116, 78, -133
380521374295312, 309622139594486, 285415560565920 @ -190, 105, -282
160746007237926, 294608980703340, 375556880504390 @ 6, -90, 11
340924853821738, 304820103242342, 217326005180736 @ -12, 133, 11
385295768954299, 377721728480207, 241740242475321 @ -197, -232, -555
383154014352954, 294135352326860, 480104376739010 @ -212, -20, -369
338264002687324, 379141144231460, 188358244613738 @ -79, -188, 167
304523200086622, 290035975688354, 316854920200428 @ 90, 139, -328
309195640472818, 525814795422080, 431335633016976 @ -56, -490, -330
105257342652162, 338876816819622, 437635840068792 @ 54, -135, -44
379619870305732, 337154575468536, 301872864442030 @ -205, -100, -37
247578484521898, 345612518524910, 235576768507660 @ 68, -113, 83
279724917845922, 250956079438084, 6340365342173 @ 220, 327, 891
178864908324662, 121434191339137, 27561794075047 @ 24, 126, 383
302432226138526, 295945232430146, 244238264449956 @ 61, 84, -25
183670873420084, 320447203823891, 303586590843990 @ 6, -110, 68
291824706175839, 468795220250868, 333444535832615 @ -17, -373, -129
130904224698074, 101903451071096, 260925453341108 @ 28, 94, 128
329419360923692, 172098798521722, 276737424468012 @ -137, 119, 64
377997200465257, 414323165504342, 324091110545247 @ -167, -407, -645
340847550509782, 383994195665607, 209159678437682 @ 128, -258, -64
362705608859182, 357019818291650, 206406044410384 @ -25, -50, -58
230292217120879, 250606755121340, 169924012389597 @ 161, 127, 219
372279718501444, 368359577768450, 161958594523953 @ -98, -139, 295
332846994666664, 339849305285090, 222140297573610 @ 29, -21, -15
167351791086106, 129530452434172, 324566072659925 @ 116, 203, -19
348442639716874, 309544741312685, 222097937673279 @ 132, 396, -239
212540678609116, 271916328177950, 300922639279926 @ 39, -19, 23
320318992422076, 353577235174422, 291056719472850 @ -73, -127, -47
284876986769983, 335998673060114, 185254824010152 @ 89, -59, 174
370022284113202, 198227931226742, 205981786427787 @ -148, 553, 73
266396401807514, 381132277987318, 340667486004202 @ -12, -183, -76
338423738784358, 352464337740578, 178768197825372 @ 177, -10, 159
270326332712284, 181269853978922, 351652488955428 @ -91, 43, 16
421967827072933, 410480369883959, 302868952373545 @ -271, -224, 21
257770597779562, 23249408253142, 477358018833632 @ 44, 543, -408
262373142014374, 321333487551446, 154068971305536 @ 87, -43, 258
366101049805578, 366384521555912, 188309060929002 @ 132, -77, -56
88178475690552, 246868275553742, 242794759781412 @ 211, 13, 112
131253715859752, 175119120696422, 478315058331927 @ 30, 25, -85
279839063387290, 224696313333590, 365958816361968 @ -57, 56, -80
254993639122166, 405784057054778, 291085922539160 @ 49, -236, -28
191755647064024, 50797729410214, 129577035824286 @ 209, 537, 307
284099504920534, 87136595103452, 186109668962576 @ 14, 478, 182
118312253731315, 391934108581409, 333810460089975 @ 61, -188, 45
289964304677929, 338361574522007, 131580739294469 @ 173, -32, 377
361990767574570, 366535836340902, 554970884504528 @ -172, -157, -510
404721534167906, 409657269167078, 429713199419676 @ -242, -215, -113
234457957797088, 227123312739318, 56881396023652 @ -34, 9, 354
107886394321712, 273551406498411, 423531657885873 @ 90, -58, -65
301521502078186, 154491151966364, 376798764474646 @ -124, 76, -15
203681525457610, 338190379784966, 237531289474896 @ -7, -128, 138
231963408537762, 238466459042478, 95780284675504 @ -65, -34, 290
87348042064677, 28402136204210, 217221456953281 @ 105, 205, 165
260285705945260, 512504859291632, 463045911407112 @ -89, -312, -86
235642991237764, 274644487638848, 384249761647491 @ -42, -53, -35
194337953085514, 199199708789546, 415146885711444 @ -12, 19, -48
331479342190917, 340624172054462, 209427379102848 @ -5, -47, 70
307150415406577, 291291283507772, 244950941215857 @ 45, 99, -27
251599409459202, 360284163618889, 383806493540520 @ -20, -150, -98
327162273468697, 251077296662633, 242396386072284 @ -25, 224, -14
322888828915038, 385224559604042, 242374292956168 @ 141, -242, -180
92698187046582, 287768321899514, 314013523822380 @ 85, -80, 67
354174299812102, 277958420443318, 198994537071884 @ -145, 45, 153
167097026448055, 39131831826999, 318842247837810 @ 23, 200, 52
363067970420261, 393511228153511, 392126639135167 @ -183, -200, -121
351823792951710, 275048550045638, 174918199454000 @ -123, 97, 206
207122544973082, 184319560332182, 279778937144032 @ -21, 40, 95
367902136373482, 355700641112406, 197634124834080 @ -40, -18, -23
246957959616155, 335193314922608, 257461098174158 @ -59, -125, 116
327661704743002, 310326429571142, 234247205728512 @ 15, 75, -31
149830448314922, 123705043773222, 81393842607312 @ 252, 326, 394
211636952714072, 357290379289432, 359623192098332 @ 46, -145, -70
208655322911626, 93059428808702, 239601204948360 @ 232, 538, 43
312474808381265, 302810018983636, 262884246095676 @ -131, -85, 106
346063490200238, 350827727263698, 202635809342423 @ 24, -43, 33
296305240554586, 372458166816731, 240293173377324 @ -76, -168, 106
313496996263426, 260711717262806, 497308939772304 @ -91, 27, -354
171721978877025, 279293335809610, 345110606608888 @ 69, -43, -18
358473492836902, 330604213675192, 207853595770562 @ -166, -90, 147
213430876042220, 242956094594859, 161512058284889 @ 162, 116, 237
270370181227442, 318981614674102, 176103278952432 @ 121, -13, 202
313775732974816, 397082761862747, 410604762447664 @ 86, -272, -778
280761703197054, 500868352359134, 242455665875336 @ 13, -449, 60
142932146628390, 218543571168473, 343300866940695 @ 24, -14, 43
346393520020062, 317543568548362, 181401845066782 @ -72, 29, 180
308510425072882, 356270449817585, 24758507240688 @ 140, -96, 886
313658802400184, 143165318108622, 468849798898854 @ -33, 413, -539
324374874880762, 275860899442838, 380070826267920 @ -25, 130, -430
81036585584730, 57155609328680, 97064111364402 @ 148, 211, 304
259889595294358, 251549778917342, 338768154065040 @ -61, -17, 6
312179668766665, 351854929438694, 269967097512810 @ 21, -103, -100
294663839482573, 315184597066013, 243779044716315 @ 37, -10, 15
344699138280622, 404068183638842, 245529154014102 @ 58, -377, -265
377651880978688, 289992389418614, 232861549963656 @ -181, 161, -30
313637123642077, 332269018125242, 236406422723412 @ 41, -27, -14
373995647588654, 356070000100474, 194256758094560 @ -107, -34, 26
136548090570142, 228078529568903, 366864258116334 @ 40, -18, 12
195088053369230, 132886106555956, 223390887355956 @ 184, 335, 106
110943896025722, 245453956856614, 170998279725886 @ 60, -39, 215
301121351573291, 411125934388564, 423107466465578 @ 39, -285, -540
301640376442497, 186921884619966, 138434465363097 @ -105, 81, 259
127090266389506, 97073240219274, 299579575299912 @ 86, 156, 64
212487908127506, 258596344456430, 282025344332280 @ 109, 46, 7
248080805296477, 374358438988097, 297103413000249 @ 55, -172, -33
283052696648122, 273121928591282, 297283078451412 @ -16, 26, -31
166746680112706, 246709284523940, 221090384257773 @ 108, 19, 141
335123874519554, 301158370063693, 294317220069538 @ -132, -48, 8
265170733183200, 319194533611528, 279924029907578 @ 54, -49, -28
255182049274384, 221480578803098, 243701904505710 @ 86, 181, 48
350629508260690, 311685149889686, 219875247357464 @ -88, 49, 42
333012615460072, 390586976064077, 194192796744582 @ -78, -216, 156
376097113643122, 361167684124522, 246233340082532 @ -94, -48, -615
62733357662198, 230048724011720, 308625677221439 @ 96, -29, 81
366323742700906, 355154521137166, 196334238121998 @ -28, -15, -8
227204584292120, 288561626704354, 342041821512118 @ 7, -49, -27
249860496932714, 267243422471014, 272038672045488 @ 114, 87, -29
222859253162161, 243863505901199, 334739303163516 @ 59, 50, -62
351657008024470, 269140567175038, 152951719778622 @ 146, 885, 409
384401107883198, 352991492191344, 320084674046138 @ -198, -28, -879
281407140402508, 361477969494384, 260119582825906 @ 77, -138, -33
139455280367374, 147559971336398, 268687290311064 @ 21, 51, 120
226664764524622, 276388707777002, 226622343617352 @ 233, 102, 60
320779419084618, 218942354349406, 259779949023200 @ -132, 35, 98
294050215819262, 412452491613970, 267513446333940 @ 120, -315, -134
184926096959184, 186847938609268, 307441706736678 @ 58, 87, 28
293346290659882, 246052847571494, 253091409835728 @ 20, 154, 7
274175783254012, 121687269291812, 83183030510442 @ -53, 202, 345
162963660464451, 31629599329829, 210049457016768 @ 63, 262, 166
301313468735136, 261349586836914, 257411847109379 @ -86, 5, 81
158312322407010, 159256737604724, 260313296637314 @ 16, 52, 123
359223964729238, 304162206525130, 483825955936376 @ -153, -6, -528
199748895814346, 277476058109861, 243947141692167 @ 132, 10, 79
296336032378570, 385103234582180, 357871198366644 @ -124, -181, 18
68248686555256, 195244686949286, 344887789963896 @ 127, 25, 26
397886491271377, 520148260136837, 407704999282527 @ -245, -520, -347
201885390614819, 50674945715367, 338470104151884 @ 141, 458, -110
279979568062707, 301615579412217, 271038740382777 @ 63, 18, -47
358291737680152, 349791317195162, 172233136092732 @ 15, 11, 212
330793406429293, 358879207303244, 210616189467627 @ 51, -105, 29
369442975624438, 330747785824494, 249981577389312 @ -151, -9, -86
358395254436262, 362014770138830, 332527865961072 @ -90, -123, -506
200859303654916, 65755529074292, 478775883794916 @ 39, 258, -212
366617330775098, 409170619958326, 203093175870064 @ 43, -640, -180
83564390322558, 187019399459956, 344213409778700 @ 94, 24, 36
126689518772254, 453550731553913, 118191859923564 @ 32, -246, 266
308188025821242, 231635398824486, 296000046261200 @ 15, 249, -154
143074056451106, 113146626449558, 236655324496308 @ 256, 337, 88
360893108435661, 218527927348726, 394041875254094 @ -173, 105, -180
