0:
###
##.
#..

1:
##.
###
#.#

2:
..#
.##
##.

3:
###
#..
###

4:
#.#
###
#.#

5:
..#
###
###

41x48: 47 27 36 34 31 32
36x50: 46 53 35 41 46 53
43x42: 39 45 50 52 48 44
46x44: 57 49 51 49 57 49
39x49: 55 45 48 55 48 44
45x44: 39 38 37 30 36 30
41x42: 56 42 45 38 44 42
40x50: 47 52 64 50 44 54
47x38: 56 50 58 37 42 37
49x45: 35 45 39 50 39 31
35x38: 26 22 19 19 31 15
35x44: 24 29 40 17 20 24
39x39: 37 38 39 42 36 42
37x41: 27 22 28 22 29 28
42x48: 41 47 37 32 35 31
39x36: 27 39 39 37 33 41
36x41: 25 28 21 32 26 23
39x46: 51 38 43 48 48 48
41x40: 27 31 34 30 24 23
46x47: 30 38 45 32 38 42
42x41: 46 41 46 43 38 52
47x47: 47 35 34 32 41 35
46x47: 57 48 51 63 61 52
45x37: 51 37 41 31 43 54
38x39: 20 25 30 29 29 22
35x47: 44 44 37 41 38 48
45x35: 50 34 48 38 39 37
44x44: 45 56 34 54 62 42
43x40: 51 51 31 37 50 42
46x36: 47 45 40 38 48 37
35x45: 27 32 27 22 28 29
43x36: 44 33 39 38 43 42
43x41: 52 46 43 56 43 32
50x47: 56 64 60 68 55 58
37x42: 36 26 35 19 26 26
49x48: 45 67 61 64 67 56
47x38: 36 33 33 18 20 40
48x41: 48 52 51 53 49 50
36x45: 33 39 54 40 41 45
50x45: 36 44 41 42 40 37
45x47: 57 51 51 50 70 46
42x38: 30 27 25 35 23 27
35x48: 26 22 33 36 31 28
40x50: 49 53 42 56 48 57
35x43: 24 30 26 25 33 16
35x42: 36 36 51 28 43 36
38x39: 27 31 25 23 24 25
42x47: 43 53 48 54 53 51
44x45: 43 52 44 48 55 60
49x44: 35 49 46 32 34 27
45x44: 47 56 46 58 48 48
37x39: 29 30 20 21 34 21
39x36: 30 29 25 27 15 29
39x44: 32 31 27 30 32 29
41x50: 27 39 31 38 37 35
50x41: 45 40 54 65 54 57
47x40: 51 44 55 47 56 39
49x43: 30 42 45 35 38 33
37x43: 23 33 36 38 15 23
44x41: 36 43 48 51 46 53
50x36: 36 32 29 32 33 29
38x36: 40 36 23 36 39 34
44x50: 59 52 52 53 72 50
36x41: 19 24 35 20 26 31
36x49: 45 45 40 58 43 39
45x39: 43 48 48 51 45 36
49x40: 49 54 37 56 44 58
41x47: 34 39 31 29 32 29
37x36: 27 24 26 21 20 25
47x45: 47 30 40 36 44 28
48x43: 42 32 36 39 42 32
44x47: 54 54 44 57 48 59
40x36: 33 40 33 29 33 52
46x36: 37 26 21 27 31 38
37x45: 26 33 25 27 36 32
40x44: 38 50 52 39 48 45
44x38: 53 28 43 43 53 39
38x41: 23 29 26 21 24 32
37x47: 27 31 37 34 28 23
48x49: 39 38 44 32 52 50
48x40: 36 45 44 34 32 16
39x47: 23 30 26 39 40 36
44x35: 31 47 32 42 41 41
35x46: 43 43 34 47 37 42
49x36: 42 54 48 39 47 42
40x49: 36 51 54 44 53 63
44x39: 45 53 46 41 46 34
39x46: 29 31 29 39 40 26
45x47: 58 56 54 47 47 64
44x42: 58 44 44 49 39 51
41x48: 49 47 54 49 54 51
42x42: 32 29 35 20 38 42
47x37: 59 47 31 52 47 30
39x45: 28 34 28 35 33 36
41x50: 31 40 42 31 34 29
46x50: 43 32 40 33 48 43
50x45: 41 25 51 41 39 43
38x36: 26 24 20 20 27 27
45x43: 54 53 54 46 47 46
39x40: 47 41 36 36 42 38
42x39: 46 41 42 47 38 39
41x42: 46 41 57 45 40 40
48x38: 55 37 46 54 49 41
47x40: 39 51 47 51 47 53
41x42: 26 37 36 32 25 25
37x44: 26 34 17 33 32 25
44x35: 25 26 28 29 27 19
43x47: 49 49 52 52 53 56
36x44: 36 38 47 41 52 31
43x39: 49 49 36 44 38 41
38x46: 45 55 44 39 49 37
40x49: 36 42 32 29 37 32
42x36: 41 43 38 45 27 39
48x35: 46 39 39 41 53 40
45x47: 60 55 53 59 57 42
39x35: 27 20 21 22 26 27
47x36: 42 39 46 44 46 44
44x47: 41 29 29 45 30 35
46x46: 44 63 53 41 62 61
37x43: 28 27 30 25 29 28
37x48: 56 45 39 42 47 44
44x45: 37 31 36 35 34 37
44x44: 56 35 49 63 50 46
37x49: 44 44 47 40 51 53
37x35: 33 33 31 38 35 29
42x42: 58 45 47 37 42 45
41x50: 35 32 36 42 34 29
41x41: 39 18 22 33 21 35
36x37: 39 40 31 38 31 26
40x46: 48 44 42 52 48 48
49x38: 36 31 34 27 31 33
37x47: 32 26 31 29 27 34
44x37: 42 42 46 37 47 38
50x42: 43 34 44 30 34 39
48x38: 32 28 36 32 24 40
42x42: 49 52 52 39 41 41
45x41: 32 31 30 31 39 32
46x39: 32 37 32 39 22 32
35x41: 38 14 31 21 18 21
37x36: 31 23 23 22 22 22
36x45: 45 42 28 54 39 38
39x41: 46 40 45 33 41 43
48x37: 47 44 39 45 41 56
37x50: 49 37 51 54 52 43
47x41: 28 44 32 29 30 31
38x47: 42 56 47 31 43 56
42x36: 36 39 27 45 36 46
43x45: 57 44 53 52 43 51
48x38: 59 42 41 53 40 46
48x35: 39 27 32 20 27 31
39x46: 48 47 44 41 50 46
38x35: 42 29 38 35 33 30
50x46: 64 61 63 74 45 49
43x45: 31 35 48 32 35 29
35x38: 38 45 36 20 36 31
47x48: 41 30 39 50 29 50
36x49: 48 52 48 42 44 39
44x44: 34 24 35 43 30 30
46x35: 26 29 36 21 24 29
36x49: 45 35 46 36 53 57
46x48: 56 56 67 58 57 49
44x39: 47 44 42 52 45 34
37x40: 32 28 28 18 26 23
43x49: 55 58 59 56 38 60
43x45: 48 49 57 57 42 47
42x47: 47 55 53 49 56 44
44x44: 36 31 29 39 25 36
41x37: 27 20 36 20 20 32
41x47: 51 45 56 52 59 36
48x44: 38 29 49 39 39 29
38x39: 37 48 34 30 37 41
35x47: 39 45 43 46 29 51
40x48: 38 45 46 64 46 54
40x38: 34 34 23 21 23 21
36x35: 35 24 31 34 29 41
41x36: 20 27 22 31 25 31
45x48: 42 38 33 45 37 44
50x46: 62 50 71 49 65 61
43x41: 24 36 31 38 26 27
40x35: 50 30 41 27 40 31
45x49: 57 49 51 54 61 66
43x35: 13 34 29 19 30 29
46x46: 41 34 34 44 41 31
38x35: 23 34 26 50 42 26
39x36: 31 40 38 40 30 37
35x48: 48 50 38 44 43 35
47x46: 33 35 44 47 30 35
40x39: 47 30 36 44 41 42
39x39: 28 28 23 32 34 24
41x40: 26 38 25 28 25 26
42x42: 38 35 36 31 30 26
45x41: 40 43 40 53 55 50
44x47: 37 28 36 45 39 24
40x35: 20 30 22 21 23 26
43x39: 55 38 33 54 27 50
39x43: 36 32 28 25 35 26
49x45: 44 36 38 40 42 40
41x44: 42 46 42 41 56 49
44x45: 39 34 33 34 30 39
43x37: 37 42 46 39 38 44
40x39: 39 37 46 49 40 31
49x36: 47 48 46 43 49 39
39x46: 25 37 36 31 36 30
49x36: 50 41 48 45 53 36
35x40: 37 35 40 32 32 41
42x39: 33 39 27 20 25 37
41x48: 59 53 50 38 57 47
48x41: 48 47 62 57 45 47
47x40: 33 33 29 39 32 28
50x37: 25 27 39 33 38 29
48x46: 58 65 63 56 53 47
36x47: 49 39 46 45 29 54
44x38: 45 40 43 48 43 39
36x40: 33 39 39 40 36 35
40x47: 24 27 34 29 40 41
48x47: 52 62 60 50 65 58
44x44: 44 34 23 30 34 30
35x48: 41 38 42 48 47 42
42x41: 30 32 35 25 30 30
45x44: 57 57 52 47 50 43
45x39: 34 32 35 36 32 26
46x43: 54 50 61 53 47 43
41x38: 26 19 26 29 29 27
40x50: 55 49 43 57 32 70
48x37: 34 36 25 30 30 36
38x46: 33 33 23 36 26 29
35x38: 30 16 26 16 17 27
38x39: 38 36 27 39 57 28
39x37: 18 26 29 26 29 28
44x38: 30 51 41 49 37 47
39x41: 57 46 42 39 39 26
36x45: 29 27 33 34 32 24
44x46: 61 58 42 51 54 44
45x50: 34 41 39 45 42 38
47x38: 35 43 47 52 53 44
35x48: 35 22 35 34 20 30
40x38: 38 37 46 37 36 42
50x46: 62 55 71 49 59 62
39x37: 32 42 38 39 36 35
46x41: 48 52 44 44 56 45
43x46: 67 55 40 48 49 45
48x35: 32 32 30 28 24 30
36x35: 35 23 37 25 34 42
37x35: 22 21 17 36 21 15
40x46: 51 51 41 48 50 41
45x45: 43 33 40 46 35 28
47x36: 47 44 29 42 47 48
42x40: 30 31 28 29 31 33
36x45: 41 43 40 40 44 41
44x50: 64 61 53 48 54 59
36x48: 46 41 32 52 43 49
50x38: 31 34 26 37 33 30
42x39: 49 33 38 52 41 39
40x50: 48 32 31 31 32 33
47x45: 52 53 56 61 42 62
42x41: 40 58 46 42 42 37
38x45: 23 40 34 25 27 30
35x40: 31 28 32 46 41 36
47x42: 54 65 53 39 44 50
42x50: 53 46 64 64 40 59
47x36: 46 45 43 45 48 34
45x35: 17 31 27 30 28 32
35x46: 30 31 18 29 32 24
35x36: 35 27 30 40 34 28
50x44: 40 35 29 42 25 53
49x49: 41 42 48 39 44 42
37x36: 23 23 35 22 22 18
41x44: 63 44 39 50 49 33
45x49: 45 40 38 51 28 38
36x49: 47 46 42 47 46 43
46x48: 59 35 43 41 23 38
46x36: 31 29 26 24 31 38
39x35: 32 39 49 31 37 26
46x50: 60 50 61 53 63 68
39x48: 27 34 33 34 50 30
43x44: 42 50 44 48 56 49
44x44: 51 59 48 42 42 56
45x44: 38 35 21 39 44 33
39x35: 28 16 22 31 22 24
47x42: 51 55 51 49 47 51
46x42: 46 48 50 47 49 57
36x47: 41 36 49 49 43 44
39x40: 40 37 49 39 41 37
41x38: 32 49 34 35 41 46
46x39: 26 26 39 36 35 32
37x44: 45 38 48 43 36 43
35x38: 23 28 17 20 29 15
44x47: 57 40 36 59 61 61
36x48: 46 36 43 46 46 49
37x46: 41 38 51 48 44 42
46x42: 50 39 48 59 61 40
48x44: 50 43 36 27 34 33
38x49: 36 37 33 31 28 26
48x43: 35 39 48 35 40 27
50x45: 64 65 49 44 47 76
49x39: 41 31 37 28 34 37
42x40: 45 46 50 49 36 35
50x39: 34 40 34 30 38 32
49x35: 33 25 20 33 37 27
37x35: 24 29 40 32 32 43
38x35: 32 47 42 20 36 30
43x48: 32 38 48 29 40 37
38x46: 30 30 32 34 30 24
49x41: 36 38 28 36 33 37
44x47: 36 38 37 35 33 31
39x50: 29 33 34 27 43 42
44x36: 36 34 39 46 51 37
42x41: 56 41 37 37 46 48
47x35: 46 37 36 41 47 45
44x44: 50 53 59 48 46 45
48x47: 51 37 48 36 35 32
35x49: 26 34 25 25 34 32
47x43: 47 59 53 37 66 49
42x36: 28 22 35 24 31 28
35x43: 40 37 39 38 35 43
48x50: 44 47 35 52 38 39
40x41: 43 31 46 51 41 42
50x44: 66 60 74 43 46 56
35x49: 49 37 37 52 41 47
41x39: 41 40 40 39 49 37
39x37: 24 21 32 31 28 19
44x44: 49 61 50 49 45 44
41x46: 32 33 27 31 35 36
46x44: 37 37 37 33 33 33
41x48: 29 25 41 42 32 38
48x35: 27 32 32 28 23 33
47x42: 45 30 24 27 34 50
36x43: 39 34 45 36 34 52
50x46: 64 52 63 59 58 60
35x38: 19 19 28 21 23 21
37x47: 41 54 37 38 35 60
39x41: 43 44 35 44 44 35
39x42: 39 53 46 34 38 43
44x44: 23 39 30 32 33 38
37x38: 21 31 18 24 27 22
46x42: 30 35 35 38 33 38
50x41: 48 56 53 48 61 49
48x40: 35 62 40 38 54 62
50x47: 35 38 45 31 49 41
41x46: 38 50 55 41 63 44
48x47: 34 38 47 33 47 41
45x43: 29 34 44 31 34 37
47x47: 59 59 38 62 74 43
45x50: 67 51 62 62 59 48
35x35: 18 26 26 18 15 17
39x49: 54 45 42 48 51 53
45x40: 35 43 21 32 33 30
41x50: 41 60 49 50 57 56
48x43: 43 52 58 54 56 55
47x40: 32 63 62 40 53 41
47x48: 66 59 66 51 55 54
39x49: 40 44 63 48 51 51
41x50: 56 49 55 53 49 55
50x45: 36 43 38 48 36 38
48x36: 26 33 28 35 35 34
35x40: 24 19 21 28 22 28
35x35: 18 18 19 27 13 25
40x49: 55 46 42 53 56 48
41x48: 34 30 35 37 30 41
49x39: 42 25 36 37 37 30
49x38: 32 32 36 27 32 33
40x48: 36 33 44 31 34 30
44x46: 35 36 45 33 28 32
47x45: 48 61 58 54 50 55
43x37: 23 31 25 37 17 35
42x45: 50 37 41 52 51 58
49x35: 28 29 28 31 33 27
39x36: 31 31 23 27 24 19
37x40: 27 15 28 28 28 30
47x35: 38 42 46 39 52 37
48x45: 53 54 48 61 50 64
43x37: 45 47 38 40 36 39
38x43: 31 20 33 27 24 33
41x46: 61 53 40 46 53 37
41x36: 30 26 28 22 27 22
47x44: 49 46 50 55 58 59
43x40: 43 53 42 40 30 56
39x39: 30 21 30 31 30 26
35x37: 28 34 37 32 33 36
40x44: 27 29 24 29 29 44
50x43: 48 63 48 57 60 52
47x47: 44 67 55 63 61 48
43x36: 34 35 45 43 45 37
36x46: 35 29 26 36 25 28
50x43: 51 54 54 42 67 62
41x35: 22 31 17 23 28 22
37x37: 38 42 37 31 37 27
38x50: 48 47 58 42 54 46
48x50: 56 64 70 54 70 57
39x43: 34 45 40 47 54 36
49x39: 42 57 58 44 47 48
43x36: 26 33 29 24 28 27
40x42: 35 23 29 35 27 33
46x36: 29 32 22 33 24 39
43x37: 32 30 31 22 29 23
40x50: 25 31 32 42 35 43
50x48: 46 55 35 36 40 43
45x39: 47 47 43 38 47 48
40x48: 38 31 36 37 29 37
37x45: 41 41 45 36 49 45
37x43: 24 29 28 23 31 33
39x38: 30 23 28 23 27 25
50x45: 42 30 46 49 41 32
35x40: 40 31 35 35 40 35
36x50: 34 26 35 33 34 29
45x46: 38 45 40 37 35 30
39x48: 29 34 43 39 35 27
46x48: 57 49 56 66 60 52
38x41: 42 42 50 36 36 37
44x38: 44 50 48 47 28 42
37x46: 31 27 39 21 32 29
44x46: 53 56 49 48 50 55
42x35: 37 31 37 42 38 41
36x49: 30 30 34 40 36 22
40x37: 28 21 30 24 26 26
50x47: 36 32 48 41 41 42
37x48: 32 35 24 31 25 44
50x38: 56 54 43 46 41 52
43x45: 64 47 42 35 62 48
37x46: 26 30 25 31 32 36
40x45: 34 29 36 33 25 38
40x49: 37 31 28 34 42 36
48x42: 36 50 36 39 30 32
47x44: 47 57 55 52 50 57
39x36: 20 32 29 13 38 24
44x40: 39 45 51 51 33 53
37x47: 32 36 19 27 37 29
42x40: 38 44 53 45 34 47
49x44: 41 42 38 31 41 31
46x45: 65 57 52 47 53 46
44x46: 49 56 40 48 61 54
35x41: 36 43 44 28 33 39
36x47: 39 46 58 44 40 37
38x43: 42 41 40 38 46 44
41x43: 45 51 37 39 47 50
41x44: 33 27 38 29 22 33
41x45: 24 30 29 32 38 41
45x38: 30 32 35 31 22 29
47x48: 32 57 34 35 43 39
35x40: 24 13 26 16 28 35
37x50: 51 55 36 38 58 44
49x49: 76 61 49 58 70 54
42x41: 20 30 28 33 39 31
37x50: 34 27 38 24 38 31
45x39: 31 31 41 26 39 26
42x38: 42 36 48 40 45 37
37x49: 29 26 29 37 33 38
42x48: 40 33 41 39 32 38
50x44: 58 58 57 53 55 58
35x50: 38 47 43 59 42 39
44x42: 28 33 34 29 41 31
44x41: 28 27 27 31 42 26
46x38: 30 26 28 31 36 29
48x47: 50 32 51 40 31 36
36x45: 27 30 21 34 32 36
37x49: 34 30 34 29 33 31
42x40: 36 26 29 26 35 29
44x44: 45 44 44 57 46 60
43x43: 30 43 34 28 27 33
43x37: 27 27 26 32 35 21
37x47: 27 29 26 31 37 29
44x41: 32 28 26 35 36 24
40x42: 25 29 20 38 38 32
37x38: 24 15 31 27 25 22
50x50: 41 56 50 36 34 38
45x48: 40 37 42 41 40 40
49x50: 59 60 61 58 61 77
38x44: 33 32 33 24 22 23
41x43: 41 51 49 48 39 44
42x48: 52 48 53 54 48 56
42x40: 33 41 29 21 31 26
38x42: 24 26 21 24 39 34
44x44: 56 54 43 53 40 51
36x43: 41 42 30 39 47 37
47x43: 35 29 34 35 39 37
36x40: 22 21 23 29 27 33
37x48: 48 51 50 40 48 38
40x35: 27 23 31 11 32 19
45x44: 48 47 53 59 50 48
40x45: 34 22 26 39 30 43
38x35: 22 22 18 24 30 15
47x42: 37 25 44 35 31 38
50x37: 47 47 44 51 47 48
42x45: 42 39 55 50 49 57
36x42: 34 21 26 25 32 30
39x47: 40 46 56 58 46 38
45x41: 37 27 26 23 43 39
48x37: 48 48 42 47 44 44
38x48: 43 35 28 28 31 27
50x47: 43 41 45 42 34 34
37x50: 45 44 46 44 51 54
46x49: 50 61 47 63 61 61
44x39: 45 47 42 47 37 46
49x40: 43 31 27 32 34 40
39x44: 40 43 42 50 42 46
38x37: 25 22 23 24 21 28
48x46: 39 39 35 46 48 32
47x38: 49 45 48 45 38 51
39x49: 43 51 48 48 56 47
41x40: 32 31 32 27 25 21
36x47: 23 37 33 27 25 34
45x49: 53 67 60 60 45 55
44x42: 37 28 35 40 27 29
35x38: 21 17 24 21 21 28
42x35: 24 18 28 24 31 28
38x43: 26 31 28 29 32 22
40x35: 40 36 28 25 38 47
46x39: 48 50 58 41 51 32
40x49: 43 54 44 46 66 46
49x41: 47 53 52 51 42 64
46x48: 56 34 38 29 40 43
37x36: 11 21 29 30 29 23
36x47: 33 28 35 29 30 25
35x41: 27 17 22 27 23 26
48x50: 42 40 46 44 40 44
37x46: 35 40 55 47 38 49
36x37: 36 31 47 31 35 29
49x47: 36 33 45 49 30 46
42x37: 24 39 43 43 42 47
46x43: 47 56 51 50 47 53
36x40: 44 30 31 33 33 50
47x40: 51 36 45 54 48 55
47x41: 28 33 40 38 21 34
49x44: 38 38 31 40 46 31
38x43: 30 28 31 25 23 31
50x43: 63 59 68 46 50 50
39x46: 51 49 43 50 42 41
43x43: 48 38 52 48 50 50
40x44: 32 30 35 25 35 25
42x47: 37 32 39 35 36 30
47x42: 48 37 34 23 26 41
41x47: 50 46 60 39 44 61
37x43: 33 29 30 22 28 25
38x44: 41 46 39 34 55 41
38x38: 33 32 37 35 37 48
48x47: 41 40 25 38 43 53
47x50: 35 37 43 39 41 45
45x45: 61 56 52 51 43 50
39x38: 34 22 31 18 27 23
38x37: 21 20 25 26 25 27
36x45: 28 35 57 44 42 46
49x45: 57 49 61 64 51 59
40x42: 47 43 42 41 49 37
44x50: 62 62 44 56 55 57
44x41: 42 53 46 50 46 40
48x50: 37 45 45 50 34 44
50x37: 42 41 50 52 49 51
48x37: 35 24 24 32 37 40
47x49: 59 46 60 68 66 56
35x39: 40 37 31 34 35 33
43x42: 42 44 51 37 54 51
48x43: 39 65 54 46 54 58
45x39: 49 36 49 47 39 52
40x48: 27 34 35 29 37 45
48x50: 46 66 54 71 72 56
41x38: 21 31 25 29 26 24
42x47: 57 51 41 51 53 49
45x38: 27 31 17 33 35 37
41x37: 24 21 17 30 38 26
45x44: 49 44 59 53 48 54
35x48: 31 32 22 33 22 36
47x36: 43 39 45 49 38 47
39x44: 29 38 34 33 22 26
48x50: 64 56 66 66 49 70
48x41: 39 37 35 29 33 35
40x42: 32 23 27 40 29 30
37x40: 36 33 36 37 46 39
42x38: 24 31 36 25 29 23
39x39: 25 42 38 39 40 48
40x38: 33 17 16 34 36 20
46x43: 40 34 34 34 37 30
50x44: 47 37 21 42 39 37
40x40: 27 31 23 29 33 25
50x36: 38 38 26 35 23 32
44x35: 42 36 41 39 44 36
46x43: 50 50 59 46 54 48
40x44: 45 51 48 46 35 47
48x50: 59 65 57 63 59 65
39x50: 47 44 50 54 51 54
50x42: 40 45 37 36 37 29
39x45: 33 47 31 30 31 23
37x43: 31 47 46 38 45 38
44x36: 29 38 39 43 49 44
46x45: 39 29 39 39 33 45
49x40: 37 29 35 34 42 30
46x41: 33 24 39 32 26 40
45x37: 48 41 39 50 39 39
50x35: 49 42 51 44 41 45
49x46: 73 52 53 58 57 55
49x46: 37 48 51 37 25 41
35x35: 19 17 21 23 22 18
42x39: 28 28 15 45 28 38
36x46: 36 43 39 35 49 51
48x37: 54 53 47 32 48 41
39x35: 20 19 22 18 25 39
42x47: 46 43 50 51 55 58
42x49: 37 36 42 36 33 40
48x46: 42 43 42 45 32 35
43x43: 31 50 27 24 27 36
49x39: 37 31 43 26 35 35
42x47: 39 35 38 26 44 27
43x37: 33 43 44 36 50 39
41x44: 43 38 59 42 49 50
44x38: 41 46 52 36 43 42
38x41: 38 53 41 35 34 39
44x37: 33 30 35 23 24 22
47x41: 48 52 48 41 50 57
37x42: 36 27 29 26 18 31
43x47: 36 34 34 40 35 31
38x46: 36 34 23 27 31 28
42x45: 35 42 34 31 28 40
40x35: 24 25 20 29 20 25
46x41: 43 51 53 49 47 48
46x42: 50 55 40 59 43 48
45x44: 35 34 32 32 38 38
42x47: 38 40 40 32 28 31
44x50: 55 55 58 62 58 51
48x48: 41 39 45 46 43 42
43x44: 37 38 31 32 29 29
40x44: 28 36 29 34 21 34
48x43: 54 48 64 45 56 54
36x37: 27 26 25 18 16 32
38x45: 56 48 51 36 35 41
39x35: 21 25 25 22 20 30
35x38: 16 21 24 30 22 18
39x48: 49 56 53 48 42 42
40x35: 27 43 31 39 30 43
42x50: 55 45 63 49 57 57
35x38: 38 31 33 26 44 33
46x42: 36 43 26 28 41 36
39x46: 31 38 37 21 30 37
46x50: 36 36 46 37 42 43
38x48: 42 49 46 39 58 46
37x49: 31 33 30 30 36 32
36x36: 28 33 40 32 37 31
35x38: 37 36 47 29 32 28
37x43: 38 46 45 34 40 43
50x46: 59 59 66 60 53 59
48x43: 55 49 49 54 58 52
49x39: 32 35 49 29 26 36
48x38: 27 28 33 31 38 35
44x47: 43 28 33 33 32 40
46x43: 34 38 34 47 25 32
48x48: 37 44 44 39 52 40
37x40: 46 31 31 36 44 39
38x37: 26 19 24 19 29 27
41x41: 30 26 31 29 33 20
50x37: 50 48 40 51 36 58
46x39: 54 42 48 38 46 50
48x45: 34 39 31 37 47 52
40x47: 56 43 46 44 53 48
50x42: 48 55 52 57 48 62
40x37: 29 31 23 24 26 22
40x39: 24 27 30 37 32 19
40x41: 26 20 28 31 36 27
46x38: 25 35 28 26 29 37
35x43: 37 38 37 44 35 40
48x42: 50 55 62 59 45 42
49x38: 19 38 32 26 34 42
37x38: 45 37 37 44 27 28
42x42: 42 24 29 37 26 37
49x36: 29 27 43 38 26 29
47x41: 43 50 64 47 46 50
44x41: 32 27 37 29 26 31
38x40: 24 28 19 31 28 25
41x41: 43 37 44 48 42 45
44x39: 35 34 29 26 29 28
44x47: 50 54 60 55 51 50
48x49: 53 66 60 52 67 63
49x35: 29 33 22 31 24 36
36x37: 33 32 30 26 36 47
37x44: 47 42 43 37 48 35
39x43: 36 26 32 27 31 30
39x47: 35 53 59 49 36 52
44x41: 27 28 31 31 27 37
49x39: 35 37 25 35 34 41
41x45: 36 42 46 57 52 49
37x50: 47 47 55 55 44 39
40x44: 25 32 35 25 39 25
43x48: 46 38 35 29 39 37
40x48: 40 52 52 47 46 58
47x39: 40 57 53 46 33 54
44x39: 40 44 31 51 38 56
43x43: 45 39 50 54 43 54
45x50: 37 37 38 38 43 46
45x47: 66 56 46 52 46 59
35x46: 28 28 21 31 24 32
44x42: 32 29 36 28 37 34
48x36: 30 38 30 27 31 35
35x42: 46 37 29 43 37 33
38x45: 46 45 42 52 36 42
36x44: 32 26 31 27 23 28
37x38: 36 38 38 33 31 41
35x48: 28 31 20 31 37 29
35x45: 26 22 30 27 28 31
35x49: 42 56 52 29 45 42
40x44: 33 25 27 37 30 30
47x40: 43 45 49 51 48 53
46x46: 62 56 58 50 60 42
41x44: 34 29 32 27 33 26
44x42: 27 34 39 26 36 34
49x49: 38 37 48 47 38 47
41x39: 30 30 20 23 25 40
36x45: 30 26 25 30 42 26
36x45: 21 35 36 29 30 29
40x47: 28 27 31 41 29 38
43x35: 23 33 19 26 25 28
46x39: 46 45 56 39 48 45
47x38: 39 57 46 38 50 44
40x42: 32 36 21 32 26 35
36x46: 33 41 44 42 47 47
50x37: 32 27 28 41 32 31
38x44: 45 46 43 40 42 42
38x39: 20 26 27 28 22 32
39x40: 46 40 36 45 37 36
36x50: 50 35 47 52 43 51
42x48: 54 40 53 62 51 51
44x45: 44 29 41 35 35 25
44x45: 54 41 43 65 50 50
47x40: 28 30 32 29 33 43
35x37: 40 43 39 29 28 23
39x49: 27 47 37 29 35 33
40x36: 29 22 27 24 25 29
38x45: 38 23 35 27 27 29
38x45: 49 36 40 52 44 42
37x39: 22 35 23 27 19 29
50x36: 55 42 52 48 39 44
41x35: 35 44 37 37 30 38
45x37: 29 35 33 19 31 32
35x50: 39 44 53 44 41 50
46x48: 57 57 46 57 67 53
49x42: 42 35 42 38 29 37
46x44: 35 24 33 33 45 39
40x50: 26 48 30 40 29 35
41x44: 35 31 22 40 29 25
37x40: 27 22 39 26 23 19
48x46: 53 40 39 41 33 34
42x41: 29 28 31 34 29 30
37x38: 25 17 29 19 28 26
38x37: 21 22 39 19 19 23
40x35: 36 33 41 33 28 46
39x37: 26 28 21 25 33 22
40x36: 28 27 24 29 19 28
48x43: 38 39 33 35 30 48
39x40: 38 48 43 45 39 28
40x39: 39 30 39 46 40 46
40x49: 50 53 44 54 51 48
37x41: 25 28 28 33 23 19
49x49: 50 34 43 44 39 45
39x47: 26 26 36 37 41 29
46x43: 55 37 46 62 49 55
44x44: 25 32 37 34 41 26
36x45: 41 35 23 24 27 30
37x36: 32 24 38 43 34 35
39x40: 40 40 39 47 39 35
45x48: 50 51 35 42 32 30
45x41: 23 43 43 24 33 29
47x42: 33 40 32 38 29 38
40x38: 31 24 35 22 23 20
37x45: 34 26 26 33 30 30
38x38: 35 37 44 36 37 35
37x43: 29 32 24 24 29 29
43x37: 26 30 26 26 28 31
41x42: 44 43 37 48 51 40
36x50: 30 32 29 34 30 36
40x50: 41 42 30 34 31 30
43x41: 54 50 39 39 45 44
45x40: 30 33 32 43 27 30
46x38: 41 47 39 52 48 40
44x42: 53 39 56 45 51 44
38x39: 20 29 31 25 27 23
40x39: 43 41 31 37 50 36
48x40: 48 46 58 60 41 45
46x50: 69 64 64 52 49 59
44x42: 52 49 47 39 39 59
36x49: 33 36 34 26 27 35
36x39: 28 19 31 29 24 25
47x42: 40 42 26 33 32 37
36x36: 35 39 33 23 37 33
41x40: 38 43 45 45 45 37
37x43: 44 36 36 41 44 43
42x45: 48 49 59 40 43 55
37x35: 22 21 24 22 23 19
45x41: 47 41 47 50 51 48
38x41: 26 38 24 23 22 22
38x39: 41 39 42 40 38 30
42x39: 38 28 22 32 33 28
44x45: 41 29 24 37 36 42
42x43: 31 29 39 38 27 32
37x41: 33 35 40 34 48 43
50x35: 45 51 47 48 48 31
46x38: 25 27 26 36 33 32
49x43: 32 36 33 40 38 44
46x48: 57 67 56 42 53 65
37x35: 15 32 17 31 21 15
46x40: 36 36 22 34 27 39
38x48: 26 37 31 35 36 26
45x40: 43 28 30 28 28 37
44x37: 26 32 32 23 31 24
45x40: 48 45 41 52 48 42
36x41: 23 20 26 27 27 32
39x49: 44 31 26 33 48 26
36x47: 25 32 34 25 23 41
42x39: 37 25 29 32 31 28
38x41: 25 19 21 35 28 27
48x36: 42 44 48 59 37 37
44x40: 48 36 51 43 43 52
48x38: 31 28 29 39 27 38
43x38: 27 22 23 35 30 30
42x44: 46 43 49 54 42 51
43x50: 35 34 42 41 38 33
36x47: 42 47 42 50 36 43
36x41: 41 36 42 45 32 33
42x41: 29 22 39 32 35 24
44x35: 43 36 48 39 42 32
35x44: 24 22 35 18 25 29
43x37: 42 45 37 37 39 44
48x47: 33 39 43 37 46 42
49x40: 41 40 22 35 36 33
44x49: 35 33 28 43 40 44
39x41: 42 47 33 49 32 41
46x39: 52 40 31 47 45 58
36x40: 30 44 27 34 40 43
49x45: 67 49 57 57 59 52
42x47: 32 32 39 38 28 41
38x41: 25 33 26 24 19 28
39x46: 38 42 52 51 52 42
50x39: 46 43 54 56 54 48
44x45: 37 35 34 35 40 28
41x50: 45 60 51 45 52 61
36x38: 40 26 55 35 28 33
36x50: 47 45 49 39 56 42
38x36: 33 41 37 27 38 35
46x38: 58 40 37 37 48 49
49x43: 50 59 47 43 57 66
38x46: 30 27 26 34 38 25
41x47: 35 35 27 37 25 35
50x40: 35 31 31 35 39 37
43x38: 36 23 24 20 35 29
35x45: 37 32 40 36 45 52
41x45: 28 36 28 35 36 32
45x42: 48 45 55 44 47 54
45x35: 21 26 28 29 34 27
44x43: 44 47 43 53 44 58
47x46: 36 39 35 35 43 37
35x35: 23 32 40 37 26 32
50x36: 44 47 43 52 39 51
37x40: 49 35 46 38 34 30
42x41: 37 55 43 46 39 44
38x48: 27 34 24 38 34 35
49x42: 61 52 46 44 50 63
45x37: 28 28 30 34 33 26
38x49: 47 52 46 49 50 42
39x37: 34 38 34 34 37 44
43x42: 35 30 37 34 26 33
40x49: 49 50 55 49 52 48
39x47: 24 41 32 36 28 33
38x45: 28 26 25 36 32 33
43x45: 31 29 35 36 34 44
36x35: 23 18 26 22 22 20
48x43: 47 44 32 22 33 46
35x43: 42 37 34 36 51 31
49x36: 26 34 40 26 29 36
36x47: 32 27 29 29 32 30
48x46: 47 61 68 60 49 57
37x40: 32 44 41 37 34 40
47x47: 33 46 27 38 38 42
36x39: 30 25 27 28 19 27
44x36: 28 30 33 19 26 32
38x39: 35 36 45 40 41 33
42x37: 37 23 29 28 27 23
50x48: 33 41 43 45 55 38
48x41: 32 31 38 28 39 39
41x36: 28 37 38 44 43 36
44x47: 33 34 38 39 34 31
41x40: 51 39 35 40 45 42
47x38: 43 45 44 37 54 51
41x50: 57 55 59 44 52 51
49x39: 31 37 40 37 32 30
47x49: 46 39 33 32 48 42
35x43: 55 29 45 38 43 26
49x45: 66 46 57 57 54 61
35x36: 34 40 28 37 29 25
46x48: 50 68 64 61 44 54
42x41: 45 40 46 50 39 46
47x49: 35 56 28 44 38 38
46x41: 45 52 56 49 42 48
47x35: 27 23 34 29 19 33
35x47: 27 28 29 26 27 28
41x35: 23 26 22 22 24 26
49x40: 46 57 50 42 56 50
40x43: 43 33 45 54 44 46
41x38: 24 32 32 31 12 24
46x35: 16 36 30 23 32 28
49x47: 58 54 64 71 58 51
38x46: 27 31 26 35 30 31
46x46: 62 65 58 48 54 41
41x44: 59 39 51 47 52 33
35x46: 42 39 44 46 42 36
42x46: 29 43 30 26 41 40
43x50: 38 29 34 38 36 49
42x42: 43 48 40 51 43 45
48x45: 61 40 65 56 58 56
40x42: 21 38 31 39 30 22
43x36: 36 54 43 33 38 35
45x48: 27 34 44 38 55 42
48x43: 58 43 68 49 60 45
39x40: 21 29 16 30 39 33
49x35: 32 44 50 43 45 50
42x47: 53 41 53 48 57 53
35x45: 45 32 46 36 47 39
35x39: 34 42 34 34 32 34
39x39: 30 34 33 28 19 25
48x35: 37 44 44 30 54 49
35x46: 26 16 26 26 39 32
44x45: 55 37 59 60 48 49
50x46: 51 53 59 75 58 57
48x40: 50 40 57 46 50 55
36x49: 30 36 34 34 27 31
46x47: 26 51 27 37 52 31
43x50: 66 50 43 64 50 56
47x49: 40 46 38 31 39 46
50x41: 34 30 36 42 32 34
49x47: 69 51 56 56 62 61
48x35: 42 34 45 45 50 43
42x40: 37 47 50 43 43 40
50x49: 47 43 48 44 43 31
48x46: 33 32 39 46 48 41
38x45: 41 55 41 44 37 44
39x50: 51 45 48 57 48 51
48x39: 45 54 52 53 51 34
37x41: 11 27 30 39 21 27
41x37: 44 36 44 46 31 35
41x49: 58 48 47 54 45 57
42x49: 57 46 55 63 45 52
35x48: 35 29 22 33 22 35
46x49: 51 58 44 56 60 73
38x47: 46 42 52 47 52 38
35x48: 43 27 34 46 52 54
36x39: 47 29 37 32 35 38
44x39: 48 42 41 46 47 40
40x41: 43 34 36 52 43 43
35x43: 34 37 41 40 50 30
48x41: 57 45 50 50 52 50
43x36: 30 50 46 41 34 38
48x49: 46 46 41 41 33 49
38x42: 38 34 29 34 50 57
45x49: 55 59 52 58 68 46
43x38: 34 44 54 44 46 32
35x37: 24 21 25 15 20 27
40x47: 37 41 42 45 58 63
49x41: 31 24 46 35 33 39
37x40: 30 33 26 23 21 22
46x46: 45 36 39 35 37 32
44x49: 62 70 48 53 52 46
41x43: 43 46 52 54 35 43
43x39: 32 26 28 28 34 33
45x44: 40 27 36 30 31 46
40x47: 62 48 47 44 42 48
46x38: 44 43 41 50 39 51
38x48: 40 49 47 38 51 55
48x35: 34 34 45 42 44 59
41x43: 26 40 31 22 35 28
48x37: 43 30 34 18 36 31
35x50: 37 45 33 53 44 53
36x50: 37 35 31 34 24 30
44x37: 44 46 45 40 32 45
50x46: 31 47 44 41 43 34
41x41: 44 39 46 37 36 58
50x50: 59 72 70 59 68 58
44x36: 33 38 30 44 38 57
36x35: 41 29 34 30 27 35
39x42: 21 34 33 34 28 31
47x44: 50 60 53 57 54 44
35x44: 22 21 22 35 30 23
42x36: 36 41 44 35 38 40
47x38: 57 42 50 47 35 47
42x35: 24 24 33 29 19 25
37x37: 24 25 26 26 21 21
40x45: 29 33 36 31 39 26
50x41: 30 37 27 32 40 42
44x42: 44 45 44 51 51 48
43x50: 63 52 55 48 65 49
46x38: 47 34 46 46 50 47
48x45: 42 39 39 40 42 37
48x38: 50 41 52 49 50 41
43x38: 37 34 26 23 25 22
42x46: 31 50 61 53 52 51
48x46: 44 32 37 57 39 31
44x41: 41 48 56 50 43 42
49x50: 45 34 52 42 45 37
43x47: 36 34 31 22 40 46
50x44: 59 54 45 55 64 59
42x40: 36 44 34 52 41 48
48x36: 24 32 31 48 33 24
39x36: 43 34 38 37 36 30
38x48: 60 43 61 34 47 42
44x40: 44 40 53 38 50 48
45x35: 25 49 50 28 43 48
39x50: 44 54 56 44 61 42
